\begin{tabular}{lrrrrrr}
\toprule
{} &      y &  arxiv\_totals &  arxiv\_entropy &  cb\_totals &  cb\_entropy &  is\_china \\
\midrule
y             &  1.000 &         0.514 &          0.413 &      0.373 &       0.315 &     0.108 \\
arxiv\_totals  &  0.514 &         1.000 &          0.858 &      0.628 &       0.634 &     0.023 \\
arxiv\_entropy &  0.413 &         0.858 &          1.000 &      0.561 &       0.576 &     0.035 \\
cb\_totals     &  0.373 &         0.628 &          0.561 &      1.000 &       0.942 &     0.023 \\
cb\_entropy    &  0.315 &         0.634 &          0.576 &      0.942 &       1.000 &    -0.018 \\
is\_china      &  0.108 &         0.023 &          0.035 &      0.023 &      -0.018 &     1.000 \\
\bottomrule
\end{tabular}
